# prompt: Write out a sequence of 16 random integers between 1 and 100 inclusive. Separate the integers by a space ' ' character. DO NOT output anything else.

# steps: 16

# rollouts: 32

# min_int: 1

# max_int: 100

# per_step_probs
step value prob
1 1 2.628973386421978e-10
2 1 1.102483697724996e-10
3 1 7.202259940259283e-11
4 1 1.547064665365169e-12
5 1 7.150052596400702e-12
6 1 7.90790354920697e-13
7 1 6.184980541576896e-12
8 1 8.557459319340433e-13
9 1 9.230878162519981e-12
10 1 2.267658825665537e-13
11 1 8.982774612542777e-12
12 1 8.113301886618481e-13
13 1 7.338255019637794e-12
14 1 2.694078701882145e-11
15 1 2.006196519785213e-11
16 1 4.100710837212994e-13
1 2 4.716142429037877e-11
2 2 1.962779715705774e-11
3 2 1.272950494617337e-11
4 2 2.693167214401799e-13
5 2 1.258850746650727e-12
6 2 1.507765845282247e-13
7 2 1.001957700226504e-12
8 2 1.360970200352815e-13
9 2 1.411150328630256e-12
10 2 3.313854709296273e-14
11 2 1.34035640741699e-12
12 2 1.63288754476453e-13
13 2 1.068494885844138e-12
14 2 3.919318797648674e-12
15 2 2.754703011851512e-12
16 2 6.852489887495998e-14
1 3 3.520920391907857e-11
2 3 1.472743092908826e-11
3 3 9.520643452995137e-12
4 3 2.030491777079562e-13
5 3 9.641129133389749e-13
6 3 1.16100813122202e-13
7 3 7.935728305168043e-13
8 3 1.094952088635221e-13
9 3 1.161346445527677e-12
10 3 2.761774171175266e-14
11 3 1.118650400306089e-12
12 3 1.279482465019106e-13
13 3 9.199869844972735e-13
14 3 3.334327437354568e-12
15 3 2.455274505917122e-12
16 3 5.859774242065192e-14
1 4 2.58119339799827e-11
2 4 1.105270517624703e-11
3 4 7.022352738360439e-12
4 4 1.53540903839033e-13
5 4 7.217356254316413e-13
6 4 8.621369098737714e-14
7 4 5.727950834183535e-13
8 4 7.752756811113698e-14
9 4 8.130107079139752e-13
10 4 1.932043382208835e-14
11 4 7.814001748537338e-13
12 4 9.683949416306671e-14
13 4 6.370726751296644e-13
14 4 2.200985434897674e-12
15 4 1.625737918455145e-12
16 4 4.13151285010444e-14
1 5 4.020219753342373e-11
2 5 1.721837013892788e-11
3 5 1.118603105155344e-11
4 5 2.389932312134724e-13
5 5 1.12672556987589e-12
6 5 1.334221652384452e-13
7 5 9.021419446308606e-13
8 5 1.206349521393911e-13
9 5 1.282814164150949e-12
10 5 3.032569890946387e-14
11 5 1.247664011247297e-12
12 5 1.435590533057175e-13
13 5 1.030719095592435e-12
14 5 3.557718158704276e-12
15 5 2.593823214212692e-12
16 5 6.351257176600345e-14
1 6 1.811405357487367e-11
2 6 7.638765663293803e-12
3 6 4.992658011151555e-12
4 6 1.072399223262848e-13
5 6 5.141586493839813e-13
6 6 6.480417078567789e-14
7 6 3.876545929867161e-13
8 6 5.128911858924198e-14
9 6 5.377646481704341e-13
10 6 1.236785923218687e-14
11 6 5.083980304925497e-13
12 6 7.473215703248574e-14
13 6 4.163600589520824e-13
14 6 1.494102371345441e-12
15 6 9.742510154532971e-13
16 6 2.899111306977694e-14
1 7 1.525635569426386e-11
2 7 6.50324885809563e-12
3 7 4.300082638517901e-12
4 7 9.167948197196904e-14
5 7 4.491759052575641e-13
6 7 5.743334226141526e-14
7 7 3.38700706394879e-13
8 7 4.562610558615639e-14
9 7 4.742277637574672e-13
10 7 1.123757249334028e-14
11 7 4.678870708347801e-13
12 7 6.665650362116514e-14
13 7 3.856457681206382e-13
14 7 1.390773808827204e-12
15 7 8.967672883415439e-13
16 7 2.621241262162873e-14
1 8 9.697788656358065e-12
2 8 4.137041556995846e-12
3 8 2.697775557732877e-12
4 8 5.828482161925801e-14
5 8 2.941129950320546e-13
6 8 3.798685515974342e-14
7 8 2.168191497209971e-13
8 8 2.904789478728896e-14
9 8 2.965594487147339e-13
10 8 7.080737874362244e-15
11 8 2.959028439445321e-13
12 8 4.519972445126508e-14
13 8 2.474501568701366e-13
14 8 8.917676054795149e-13
15 8 5.795464664784492e-13
16 8 1.720850208360123e-14
1 9 1.012376580170138e-11
2 9 4.329799596804341e-12
3 9 2.940480109207957e-12
4 9 6.254916440758023e-14
5 9 3.195258342881018e-13
6 9 4.318552353985513e-14
7 9 2.377787225659651e-13
8 9 3.089668513221002e-14
9 9 3.159165237442544e-13
10 9 7.361490537362782e-15
11 9 3.179731420535572e-13
12 9 5.235754303997001e-14
13 9 2.733818948708339e-13
14 9 9.536412883468761e-13
15 9 5.884606922265218e-13
16 9 1.947424004106509e-14
1 10 7.249015043896038e-11
2 10 3.193097923416716e-11
3 10 2.068990376829665e-11
4 10 4.461321593384294e-13
5 10 2.108089417579699e-12
6 10 2.638178588153297e-13
7 10 1.570897820884563e-12
8 10 2.060383943076129e-13
9 10 2.08999448748042e-12
10 10 4.962699286859301e-14
11 10 2.087293456587554e-12
12 10 2.920066165872567e-13
13 10 1.720984119169633e-12
14 10 5.90361665675351e-12
15 10 3.886076694919107e-12
16 10 1.093754978196095e-13
1 11 5.780738696300023e-12
2 11 2.573381099031264e-12
3 11 1.687159803805995e-12
4 11 3.540120256019766e-14
5 11 1.739965237432675e-13
6 11 2.473559050142383e-14
7 11 1.210766868729439e-13
8 11 1.564231498951261e-14
9 11 1.537271838868454e-13
10 11 3.534990326888256e-15
11 11 1.506242749323198e-13
12 11 2.964355664997675e-14
13 11 1.254822695014838e-13
14 11 4.243813785482519e-13
15 11 2.630470202869049e-13
16 11 9.87973648959974e-15
1 12 1.233771210515937e-11
2 12 5.496402063013202e-12
3 12 3.638035060811405e-12
4 12 7.642209947794002e-14
5 12 3.681521918847678e-13
6 12 5.125285715268571e-14
7 12 2.580580387726659e-13
8 12 3.333765970644222e-14
9 12 3.245917099844176e-13
10 12 7.493218098408485e-15
11 12 3.173228600324837e-13
12 12 6.190411636226955e-14
13 12 2.629364457226854e-13
14 12 8.907017562552476e-13
15 12 5.500060730056703e-13
16 12 2.038481417559848e-14
1 13 8.369573168318372e-12
2 13 3.779870257670453e-12
3 13 2.458282072484174e-12
4 13 5.175627639200479e-14
5 13 2.564419926967332e-13
6 13 3.573802417403665e-14
7 13 1.789166619453745e-13
8 13 2.324673928861843e-14
9 13 2.29570914259894e-13
10 13 5.268137115963418e-15
11 13 2.255762471357749e-13
12 13 4.267643383985061e-14
13 13 1.87077809979606e-13
14 13 6.347815335092648e-13
15 13 3.987510026862088e-13
16 13 1.439169166611869e-14
1 14 8.908820493337378e-12
2 14 3.996597694230826e-12
3 14 2.592557153703392e-12
4 14 5.611155599972694e-14
5 14 2.775081243416568e-13
6 14 3.977771813099654e-14
7 14 1.860776731783317e-13
8 14 2.361883923515935e-14
9 14 2.308302301568746e-13
10 14 5.296724479292796e-15
11 14 2.270394847884767e-13
12 14 5.025286515903266e-14
13 14 1.919232108812953e-13
14 14 6.481018051505762e-13
15 14 3.734640998245134e-13
16 14 1.560006126437856e-14
1 15 1.48596006044588e-11
2 15 6.767953035900486e-12
3 15 4.461625162824541e-12
4 15 9.49684508987319e-14
5 15 4.666594281675103e-13
6 15 6.989592200799184e-14
7 15 3.088889212970905e-13
8 15 3.856725885406513e-14
9 15 3.780060120326585e-13
10 15 8.568354312652955e-15
11 15 3.746395153470739e-13
12 15 8.494306213672359e-14
13 15 3.115374434142918e-13
14 15 1.011062266556622e-12
15 15 5.867768844518246e-13
16 15 2.550484546756676e-14
1 16 7.175607897921044e-12
2 16 3.228927016897242e-12
3 16 2.122535717810595e-12
4 16 4.411948618815699e-14
5 16 2.182514767929985e-13
6 16 3.220187703732006e-14
7 16 1.416573398224151e-13
8 16 1.770206722466332e-14
9 16 1.706009764167322e-13
10 16 3.892717032190554e-15
11 16 1.689551612353276e-13
12 16 4.041139716397448e-14
13 16 1.387131964433936e-13
14 16 4.583294854103862e-13
15 16 2.609264863581905e-13
16 16 1.23117059799763e-14
1 17 6.694145171683418e-12
2 17 3.009562741629014e-12
3 17 1.967394828955047e-12
4 17 4.173744714695398e-14
5 17 2.087212784472216e-13
6 17 3.026085136190836e-14
7 17 1.407318934264321e-13
8 17 1.784895275904785e-14
9 17 1.750779355828776e-13
10 17 3.948073699173687e-15
11 17 1.735123233914418e-13
12 17 3.86265457070021e-14
13 17 1.460140401179196e-13
14 17 4.80695918393156e-13
15 17 2.736344011239269e-13
16 17 1.201674232236375e-14
1 18 5.348502186672242e-12
2 18 2.418538479017724e-12
3 18 1.583313844245529e-12
4 18 3.294655726913717e-14
5 18 1.606639280044659e-13
6 18 2.330748219218364e-14
7 18 1.086212085682994e-13
8 18 1.395071220754645e-14
9 18 1.376192443613311e-13
10 18 3.128521548886953e-15
11 18 1.335337592796268e-13
12 18 2.952848411619184e-14
13 18 1.093302531428891e-13
14 18 3.674781951001172e-13
15 18 2.213400886832345e-13
16 18 9.266943239974024e-15
1 19 7.88881923210113e-12
2 19 3.525372301104524e-12
3 19 2.339446891428205e-12
4 19 4.968844308503644e-14
5 19 2.401107927099612e-13
6 19 3.390475170907133e-14
7 19 1.69172639857963e-13
8 19 2.174547544440696e-14
9 19 2.141126314686356e-13
10 19 4.852482507433279e-15
11 19 2.085148226292447e-13
12 19 4.209251187719502e-14
13 19 1.728566303496342e-13
14 19 5.774793724437463e-13
15 19 3.4925796816378e-13
16 19 1.374890621547318e-14
1 20 2.182193978942028e-11
2 20 9.708529524942286e-12
3 20 6.254130862513126e-12
4 20 1.347263858472938e-13
5 20 6.428507651056593e-13
6 20 8.764269870289977e-14
7 20 4.527901854988884e-13
8 20 5.779765764430817e-14
9 20 5.888448842179044e-13
10 20 1.356565959763318e-14
11 20 5.643797983045847e-13
12 20 1.017978536629844e-13
13 20 4.606174397073334e-13
14 20 1.571938447796224e-12
15 20 1.00521337075123e-12
16 20 3.456523064677091e-14
1 21 4.997900589207595e-12
2 21 2.205921936971839e-12
3 21 1.471045953786842e-12
4 21 3.164173196003484e-14
5 21 1.559886230658655e-13
6 21 2.458523786426444e-14
7 21 1.041374006046697e-13
8 21 1.280646389741726e-14
9 21 1.227018507388541e-13
10 21 2.7447582291946e-15
11 21 1.187770884144222e-13
12 21 3.109748395699419e-14
13 21 9.919422726256909e-14
14 21 3.37971518982997e-13
15 21 1.932546582454058e-13
16 21 9.499333366168983e-15
1 22 3.10404845319421e-12
2 22 1.354255792359183e-12
3 22 8.797361704570358e-13
4 22 1.883294298150375e-14
5 22 9.349283955460701e-14
6 22 1.396226142254418e-14
7 22 6.267447922209574e-14
8 22 7.831422988824131e-15
9 22 7.641567370531268e-14
10 22 1.719905059070663e-15
11 22 7.409993690511269e-14
12 22 1.729018506177273e-14
13 22 6.073514901145912e-14
14 22 2.139413706387962e-13
15 22 1.245204928921884e-13
16 22 5.556102733741096e-15
1 23 5.351328737248435e-12
2 23 2.407405140305193e-12
3 23 1.602780503196906e-12
4 23 3.420571015042944e-14
5 23 1.674601776819509e-13
6 23 2.535793659992324e-14
7 23 1.109041897665378e-13
8 23 1.392411934631617e-14
9 23 1.330757755475319e-13
10 23 3.027745012507635e-15
11 23 1.284497166633707e-13
12 23 3.078358907510259e-14
13 23 1.073505864971537e-13
14 23 3.709220801894748e-13
15 23 2.190861055801348e-13
16 23 9.44617006196764e-15
1 24 1.630246954848312e-11
2 24 7.319351371563648e-12
3 24 4.744353359647313e-12
4 24 1.004766653378018e-13
5 24 4.940828510591455e-13
6 24 7.239004871233365e-14
7 24 3.381897524557189e-13
8 24 4.154206127755602e-14
9 24 4.086661520576142e-13
10 24 9.224918674042464e-15
11 24 3.928102022468074e-13
12 24 8.67438195033655e-14
13 24 3.263033656427332e-13
14 24 1.128100536826601e-12
15 24 6.653160673144858e-13
16 24 2.697941953198705e-14
1 25 8.065691088905556e-12
2 25 3.683888995836943e-12
3 25 2.412885708617848e-12
4 25 5.167200465301666e-14
5 25 2.552286336964841e-13
6 25 3.689325095918416e-14
7 25 1.789678353138794e-13
8 25 2.218643131846351e-14
9 25 2.217538255550907e-13
10 25 5.012569630827853e-15
11 25 2.133040092642712e-13
12 25 4.441661177015961e-14
13 25 1.753823718201234e-13
14 25 5.939399181699121e-13
15 25 3.585321716204341e-13
16 25 1.414439588559407e-14
1 26 2.652087684239234e-12
2 26 1.156830995972891e-12
3 26 7.557321401597897e-13
4 26 1.608621527542522e-14
5 26 7.998877555666459e-14
6 26 1.258270740380958e-14
7 26 5.264716678282453e-14
8 26 6.407794189900127e-15
9 26 6.246020478908706e-14
10 26 1.387410047506403e-15
11 26 6.06965892204872e-14
12 26 1.58205245981262e-14
13 26 5.096747464984083e-14
14 26 1.745538588231422e-13
15 26 9.470972643245549e-14
16 26 4.880269146908756e-15
1 27 4.330580826897621e-12
2 27 1.914737278697242e-12
3 27 1.225536430401087e-12
4 27 2.568443663874098e-14
5 27 1.300125103980435e-13
6 27 2.081960563484528e-14
7 27 8.688775408877659e-14
8 27 1.075506382273307e-14
9 27 1.0378826438693e-13
10 27 2.318840599834622e-15
11 27 1.015314074050424e-13
12 27 2.591300876243933e-14
13 27 8.344206900945701e-14
14 27 2.744366758592364e-13
15 27 1.579842795386441e-13
16 27 7.538038806352526e-15
1 28 1.969432510247131e-12
2 28 8.671082081146706e-13
3 28 5.710638693786744e-13
4 28 1.198562320711847e-14
5 28 6.013594962054635e-14
6 28 9.066996538447974e-15
7 28 4.122395520626327e-14
8 28 5.183776220035499e-15
9 28 5.151945152093576e-14
10 28 1.174742172465777e-15
11 28 4.979859942271316e-14
12 28 1.132253464713164e-14
13 28 4.068329290617137e-14
14 28 1.414022072920173e-13
15 28 8.288139509776679e-14
16 28 3.621547238114325e-15
1 29 3.394317585936804e-12
2 29 1.505772930390687e-12
3 29 9.827837874063514e-13
4 29 2.080431123021742e-14
5 29 1.020916416111243e-13
6 29 1.654154511452586e-14
7 29 6.809150371824371e-14
8 29 8.703140447603689e-15
9 29 8.405290383722644e-14
10 29 1.891583829116669e-15
11 29 8.093595385936254e-14
12 29 2.10377212071373e-14
13 29 6.656704345670382e-14
14 29 2.206351966227958e-13
15 29 1.233082185400041e-13
16 29 6.245038236290066e-15
1 30 9.799684158727472e-12
2 30 4.383554358855935e-12
3 30 2.86967230621159e-12
4 30 6.024781412269997e-14
5 30 2.841596372999413e-13
6 30 4.164115687209004e-14
7 30 1.947076598011538e-13
8 30 2.519098945981996e-14
9 30 2.483040437530978e-13
10 30 5.756629657253698e-15
11 30 2.363615013579456e-13
12 30 4.923604895634598e-14
13 30 1.938958708205398e-13
14 30 6.617368511972858e-13
15 30 4.034719339055646e-13
16 30 1.592588093213031e-14
1 31 3.450836135013111e-12
2 31 1.533205996494717e-12
3 31 9.889923769764737e-13
4 31 2.106017688664626e-14
5 31 1.039192874167198e-13
6 31 1.700566876013201e-14
7 31 6.665520163543336e-14
8 31 8.395878893573612e-15
9 31 8.096535871934596e-14
10 31 1.790209545525828e-15
11 31 7.777631287814426e-14
12 31 2.124603081444833e-14
13 31 6.345281591460768e-14
14 31 2.17761248810555e-13
15 31 1.171997092855245e-13
16 31 6.425780995423118e-15
1 32 1.243615566565935e-12
2 32 5.432564619360673e-13
3 32 3.484230693723627e-13
4 32 7.406281955777481e-15
5 32 3.699643122429033e-14
6 32 5.794000135327929e-15
7 32 2.381798154758719e-14
8 32 3.007846106757586e-15
9 32 2.88741983236798e-14
10 32 6.521205057392731e-16
11 32 2.770644896395795e-14
12 32 7.416943043843467e-15
13 32 2.223216388430639e-14
14 32 7.815554779241702e-14
15 32 4.36155095726488e-14
16 32 2.212737082682991e-15
1 33 6.757939428565772e-13
2 33 2.973940936913431e-13
3 33 1.880794393490674e-13
4 33 4.128881432291418e-15
5 33 2.072795243450543e-14
6 33 3.522202066465358e-15
7 33 1.337689646220177e-14
8 33 1.691825590090701e-15
9 33 1.617296910873049e-14
10 33 3.640222600828774e-16
11 33 1.565422085432643e-14
12 33 4.616924803330883e-15
13 33 1.347601340016908e-14
14 33 4.655934247904299e-14
15 33 2.485464027722744e-14
16 33 1.445777251909787e-15
1 34 1.000203723347254e-12
2 34 4.481636725541772e-13
3 34 2.886371691845888e-13
4 34 6.275408213057938e-15
5 34 3.125182632102449e-14
6 34 5.288648408962658e-15
7 34 1.991112037789908e-14
8 34 2.499414256203098e-15
9 34 2.338823289971128e-14
10 34 5.156648791266548e-16
11 34 2.224860308119731e-14
12 34 7.065559038033988e-15
13 34 1.8893684955182e-14
14 34 6.545204248392406e-14
15 34 3.321135229015246e-14
16 34 2.09005269201868e-15
1 35 2.615152467317072e-12
2 35 1.171991636898751e-12
3 35 7.56359045484832e-13
4 35 1.620673390765702e-14
5 35 8.158063892537349e-14
6 35 1.29711525299089e-14
7 35 5.333404463737621e-14
8 35 6.69331633864495e-15
9 35 6.478036423955804e-14
10 35 1.461344419589532e-15
11 35 6.341366480104495e-14
12 35 1.602075621616416e-14
13 35 5.278642231068123e-14
14 35 1.799066416131548e-13
15 35 1.027994955063176e-13
16 35 4.97490262858812e-15
1 36 1.11200059827849e-12
2 36 4.896312203743832e-13
3 36 3.269991326629282e-13
4 36 6.828049173332074e-15
5 36 3.438076777407522e-14
6 36 5.802633509492884e-15
7 36 2.204344659472195e-14
8 36 2.719963156765945e-15
9 36 2.590307382061441e-14
10 36 5.818657939419824e-16
11 36 2.55785048813217e-14
12 36 7.402890744891025e-15
13 36 2.182337152534973e-14
14 36 7.576806056179529e-14
15 36 3.919656385284527e-14
16 36 2.256911762734064e-15
1 37 7.15286621469972e-13
2 37 3.135489567342297e-13
3 37 2.074612624792227e-13
4 37 4.390711797929879e-15
5 37 2.218315592985059e-14
6 37 3.773010654848313e-15
7 37 1.431658296167028e-14
8 37 1.783275065142254e-15
9 37 1.683384670139646e-14
10 37 3.738506932333544e-16
11 37 1.693259479330708e-14
12 37 4.862901086448892e-15
13 37 1.449887189624906e-14
14 37 4.832283530986048e-14
15 37 2.581129325834447e-14
16 37 1.431644847692663e-15
1 38 1.167985749065781e-12
2 38 5.123962531341197e-13
3 38 3.36512237568544e-13
4 38 7.374177751303935e-15
5 38 3.722004886391986e-14
6 38 6.136910888425084e-15
7 38 2.461198308264237e-14
8 38 3.063379283020089e-15
9 38 2.982155593930644e-14
10 38 6.650804214757233e-16
11 38 2.99197162906717e-14
12 38 7.655066720128347e-15
13 38 2.61764239832595e-14
14 38 8.864858974407928e-14
15 38 4.80872249754251e-14
16 38 2.420147651649877e-15
1 39 6.239233498597017e-13
2 39 2.734879138528387e-13
3 39 1.778169249432168e-13
4 39 3.875410894012779e-15
5 39 2.004849350374357e-14
6 39 3.376577580647257e-15
7 39 1.339625651591053e-14
8 39 1.687558547878443e-15
9 39 1.622653530304975e-14
10 39 3.606886554909414e-16
11 39 1.621692508236865e-14
12 39 4.344945340153245e-15
13 39 1.424165155089437e-14
14 39 4.845123204053226e-14
15 39 2.579022163382292e-14
16 39 1.391192559479021e-15
1 40 4.463755131271347e-12
2 40 1.995178677663774e-12
3 40 1.270450355898852e-12
4 40 2.742038847059795e-14
5 40 1.326461920173049e-13
6 40 1.894219719026793e-14
7 40 9.382372043512998e-14
8 40 1.196838987467968e-14
9 40 1.210547097790959e-13
10 40 2.839391841713454e-15
11 40 1.215600540354963e-13
12 40 2.251342622538695e-14
13 40 1.014242463824032e-13
14 40 3.579081411113281e-13
15 40 2.191212706310133e-13
16 40 7.804801343943169e-15
1 41 6.935956736232211e-13
2 41 3.095954341706807e-13
3 41 2.065627221747917e-13
4 41 4.509281466871443e-15
5 41 2.342684560970225e-14
6 41 4.304899305607722e-15
7 41 1.44475754559179e-14
8 41 1.729046545062752e-15
9 41 1.600261279524856e-14
10 41 3.533167956073234e-16
11 41 1.624311035172014e-14
12 41 5.683982761342937e-15
13 41 1.45704982532431e-14
14 41 4.888885115151682e-14
15 41 2.300717243586648e-14
16 41 1.696851511528846e-15
1 42 9.103988725543551e-13
2 42 3.917338391356849e-13
3 42 2.625429347924344e-13
4 42 5.726415823567054e-15
5 42 2.87635257608046e-14
6 42 4.628422637189956e-15
7 42 1.863763819755374e-14
8 42 2.303056071419765e-15
9 42 2.240633932315674e-14
10 42 4.992354688371614e-16
11 42 2.170157724125818e-14
12 42 6.034059821122554e-15
13 42 1.865464625801562e-14
14 42 6.393177092038165e-14
15 42 3.600397332615337e-14
16 42 1.771203720001778e-15
1 43 6.808903347561928e-13
2 43 3.05127929228695e-13
3 43 2.00150640789228e-13
4 43 4.312241459373562e-15
5 43 2.226251974028457e-14
6 43 3.818802053300817e-15
7 43 1.39428135831128e-14
8 43 1.700879710161483e-15
9 43 1.593816531130546e-14
10 43 3.542777838577047e-16
11 43 1.565490532837977e-14
12 43 5.011971618010893e-15
13 43 1.377133558785965e-14
14 43 4.591386130778175e-14
15 43 2.361112973906774e-14
16 43 1.45760422829573e-15
1 44 6.069574604194757e-13
2 44 2.743831835478677e-13
3 44 1.770602805806245e-13
4 44 3.765970853208395e-15
5 44 1.876276870219255e-14
6 44 3.281102083030385e-15
7 44 1.182132869450167e-14
8 44 1.467206389178259e-15
9 44 1.39115214327811e-14
10 44 3.122099108951276e-16
11 44 1.357466683722312e-14
12 44 4.333509279346573e-15
13 44 1.159769329511082e-14
14 44 4.006352773846032e-14
15 44 1.989044021823516e-14
16 44 1.301078848219081e-15
1 45 1.032337486685972e-12
2 45 4.690461065614955e-13
3 45 3.05113954079653e-13
4 45 6.541644902424977e-15
5 45 3.373202984615284e-14
6 45 5.660036759952443e-15
7 45 2.240520079740095e-14
8 45 2.760589076184879e-15
9 45 2.657484513019251e-14
10 45 6.016252081603924e-16
11 45 2.635821756766791e-14
12 45 7.322916678972106e-15
13 45 2.214231248432416e-14
14 45 7.443688581665736e-14
15 45 3.992340385366792e-14
16 45 2.183127961653816e-15
1 46 5.259124787093871e-13
2 46 2.359416037989382e-13
3 46 1.582291366513459e-13
4 46 3.359988930639553e-15
5 46 1.700780698858663e-14
6 46 2.955009964254294e-15
7 46 1.103043808139305e-14
8 46 1.343918047534967e-15
9 46 1.282877478545189e-14
10 46 2.821171135639097e-16
11 46 1.296493465080442e-14
12 46 3.887116119671951e-15
13 46 1.121880712930257e-14
14 46 3.774721760759799e-14
15 46 1.847470474827575e-14
16 46 1.199680542874175e-15
1 47 5.825452368765449e-13
2 47 2.679258174887013e-13
3 47 1.75307135410835e-13
4 47 3.742959429860327e-15
5 47 1.88766831578787e-14
6 47 3.289222173778812e-15
7 47 1.202735258149736e-14
8 47 1.470893040106594e-15
9 47 1.381494813786042e-14
10 47 3.023897716177972e-16
11 47 1.37714169115869e-14
12 47 4.244070257019934e-15
13 47 1.174612631480638e-14
14 47 4.03554937684578e-14
15 47 2.001404229838057e-14
16 47 1.245137068537497e-15
1 48 1.18009805436437e-12
2 48 5.309167810486516e-13
3 48 3.541011800931768e-13
4 48 7.423387035437524e-15
5 48 3.774797323609897e-14
6 48 6.278690917559333e-15
7 48 2.468175827474234e-14
8 48 2.999468608108734e-15
9 48 2.905481928551511e-14
10 48 6.519376661396137e-16
11 48 2.856451603464281e-14
12 48 8.271072328310737e-15
13 48 2.459369575981252e-14
14 48 8.222948137689129e-14
15 48 4.424232047614558e-14
16 48 2.437872909463589e-15
1 49 1.022160849908107e-12
2 49 4.575351592238378e-13
3 49 2.986083176316402e-13
4 49 6.333762883696695e-15
5 49 3.148796654073553e-14
6 49 5.271670802921135e-15
7 49 2.086133426353523e-14
8 49 2.65027687315309e-15
9 49 2.57790902699849e-14
10 49 5.628850581826421e-16
11 49 2.456973540590225e-14
12 49 6.699377351351772e-15
13 49 2.019315684678976e-14
14 49 6.751960629252282e-14
15 49 3.727812117046571e-14
16 49 2.038569582279743e-15
1 50 9.282685936248245e-12
2 50 4.091366846080838e-12
3 50 2.629120743286448e-12
4 50 5.560270695239889e-14
5 50 2.650232714729292e-13
6 50 3.81106514590434e-14
7 50 1.886349931625724e-13
8 50 2.371359764865834e-14
9 50 2.406645465025206e-13
10 50 5.440801585513282e-15
11 50 2.3407629832251e-13
12 50 4.620817684550783e-14
13 50 1.968751248675809e-13
14 50 6.792107661873845e-13
15 50 3.96601341943006e-13
16 50 1.53464600192003e-14
1 51 2.966442146525297e-13
2 51 1.359073987674596e-13
3 51 9.108480203167955e-14
4 51 1.923316820748315e-15
5 51 9.488998474727369e-15
6 51 1.796151770269069e-15
7 51 5.981974638328497e-15
8 51 7.231559476795852e-16
9 51 6.664411808849516e-15
10 51 1.426123003864203e-16
11 51 6.404881763937983e-15
12 51 2.393556575757057e-15
13 51 5.677941314847358e-15
14 51 1.938647102751552e-14
15 51 9.289806564384556e-15
16 51 7.093639074101896e-16
1 52 8.712491406399358e-13
2 52 3.855173098992409e-13
3 52 2.526120610487623e-13
4 52 5.39341451188563e-15
5 52 2.659100969348685e-14
6 52 4.506715993809007e-15
7 52 1.69494134106884e-14
8 52 2.099949834873117e-15
9 52 1.988490814492418e-14
10 52 4.328104352253894e-16
11 52 1.937036853009448e-14
12 52 5.98935275625705e-15
13 52 1.668795312473671e-14
14 52 5.787731243825799e-14
15 52 2.943072627485293e-14
16 52 1.802866403697953e-15
1 53 5.591415501420679e-13
2 53 2.506392010795217e-13
3 53 1.655427939840919e-13
4 53 3.496837528058147e-15
5 53 1.77307313832373e-14
6 53 3.035665648746646e-15
7 53 1.120415672510664e-14
8 53 1.389799763340582e-15
9 53 1.333032234403392e-14
10 53 2.917094112505622e-16
11 53 1.306796487503162e-14
12 53 4.06123303403471e-15
13 53 1.130922671683275e-14
14 53 3.881136408916002e-14
15 53 2.02127010604976e-14
16 53 1.197741731856103e-15
1 54 4.826329546088492e-13
2 54 2.174393890866664e-13
3 54 1.409415699351077e-13
4 54 3.029876414780759e-15
5 54 1.567149110388315e-14
6 54 2.746536113839854e-15
7 54 9.681650949993538e-15
8 54 1.17445400769717e-15
9 54 1.104684964632877e-14
10 54 2.376836264000108e-16
11 54 1.07535664521902e-14
12 54 3.977518838113675e-15
13 54 9.584533447096629e-15
14 54 3.276730103043321e-14
15 54 1.509605090630563e-14
16 54 1.136278900923399e-15
1 55 5.922801768124097e-13
2 55 2.604249862992117e-13
3 55 1.710335437698898e-13
4 55 3.665775037806346e-15
5 55 1.826549282580915e-14
6 55 3.0130792425654e-15
7 55 1.165644477892277e-14
8 55 1.428795297445556e-15
9 55 1.399421288382848e-14
10 55 3.089019844312339e-16
11 55 1.383754206121765e-14
12 55 4.218607769139635e-15
13 55 1.146738914436403e-14
14 55 3.944804466059087e-14
15 55 2.019608765265736e-14
16 55 1.231262830456244e-15
1 56 4.374670019959546e-13
2 56 1.953500918775254e-13
3 56 1.319144038652494e-13
4 56 2.755999348086741e-15
5 56 1.389259269278067e-14
6 56 2.352981331974123e-15
7 56 8.668357503698429e-15
8 56 1.070808304546138e-15
9 56 1.014331523621153e-14
10 56 2.207037956385893e-16
11 56 1.012707468945948e-14
12 56 3.178029295691213e-15
13 56 8.760279866072257e-15
14 56 3.061953035105421e-14
15 56 1.483134122654696e-14
16 56 9.204490082878711e-16
1 57 1.904845033022704e-13
2 57 8.781836255854802e-14
3 57 5.721323125515014e-14
4 57 1.208131710259099e-15
5 57 6.372953595031444e-15
6 57 1.138139613831116e-15
7 57 4.053988223563211e-15
8 57 4.981729671324132e-16
9 57 4.637362493125358e-15
10 57 9.972076864737039e-17
11 57 4.669578755118931e-15
12 57 1.565646811692588e-15
13 57 4.155119086623818e-15
14 57 1.441715616568902e-14
15 57 6.807035077714972e-15
16 57 4.545212087440128e-16
1 58 1.880531904466732e-13
2 58 8.471246049809537e-14
3 58 5.675690018341447e-14
4 58 1.203115692603143e-15
5 58 6.14773700887807e-15
6 58 1.067952709908871e-15
7 58 3.850740778750293e-15
8 58 4.769206029019597e-16
9 58 4.530593379191982e-15
10 58 9.854153512499479e-17
11 58 4.519779778621707e-15
12 58 1.504511615165417e-15
13 58 3.90972739278028e-15
14 58 1.360719013063008e-14
15 58 6.523295103763845e-15
16 58 4.381628336295164e-16
1 59 3.760556313900303e-13
2 59 1.700654229018246e-13
3 59 1.131023919337948e-13
4 59 2.388705844677836e-15
5 59 1.199844134589192e-14
6 59 2.068255068541575e-15
7 59 7.678704415590491e-15
8 59 9.480565514549158e-16
9 59 9.09225636184432e-15
10 59 2.019881349292838e-16
11 59 8.983603205300473e-15
12 59 2.692912846430855e-15
13 59 7.786579155443744e-15
14 59 2.64026679230405e-14
15 59 1.333681846980008e-14
16 59 7.969614151617701e-16
1 60 3.603397440849985e-12
2 60 1.582325741831056e-12
3 60 1.035168512404306e-12
4 60 2.177610990196731e-14
5 60 1.0171583421348e-13
6 60 1.448547294660542e-14
7 60 6.910670334339118e-14
8 60 8.797221162177915e-15
9 60 9.008170600070909e-14
10 60 2.058301696923324e-15
11 60 8.714314863480682e-14
12 60 1.765465951884088e-14
13 60 7.027218102977572e-14
14 60 2.467323521111981e-13
15 60 1.499916908224235e-13
16 60 5.826666084284018e-15
1 61 3.64118040022402e-13
2 61 1.637696639893193e-13
3 61 1.086624967278155e-13
4 61 2.369234417310805e-15
5 61 1.189108057541873e-14
6 61 2.063914880748306e-15
7 61 7.463765151177157e-15
8 61 9.078828192582206e-16
9 61 8.663099870559493e-15
10 61 1.919903387170929e-16
11 61 8.661472517518626e-15
12 61 2.745935475697771e-15
13 61 7.543681130804801e-15
14 61 2.601372065224696e-14
15 61 1.331468643919581e-14
16 61 8.210859294634746e-16
1 62 3.05058283135502e-13
2 62 1.361029044417354e-13
3 62 9.514991562049614e-14
4 62 1.990514186653693e-15
5 62 9.68846632479722e-15
6 62 1.664769732927877e-15
7 62 5.922402583098854e-15
8 62 7.32948818674357e-16
9 62 6.943180361919901e-15
10 62 1.509029812787395e-16
11 62 6.748949078541288e-15
12 62 2.228608040847796e-15
13 62 5.767065717772048e-15
14 62 2.020618126326168e-14
15 62 9.790750746355916e-15
16 62 6.5704996102111e-16
1 63 5.045751222379848e-13
2 63 2.231312168233673e-13
3 63 1.479095553749678e-13
4 63 3.181871372380698e-15
5 63 1.570940081276597e-14
6 63 2.743869751478864e-15
7 63 9.67720226109397e-15
8 63 1.199943434572027e-15
9 63 1.13860815963833e-14
10 63 2.488392715684538e-16
11 63 1.103533969787059e-14
12 63 3.655964705027826e-15
13 63 9.399947519684097e-15
14 63 3.17695219939149e-14
15 63 1.635234379610169e-14
16 63 1.055713786280353e-15
1 64 1.580703655834517e-12
2 64 7.015146694377643e-13
3 64 4.432372628181841e-13
4 64 9.496944728319311e-15
5 64 4.645360079189463e-14
6 64 7.846052221003663e-15
7 64 2.886544686120662e-14
8 64 3.523185316811977e-15
9 64 3.320395621606308e-14
10 64 7.396774918266064e-16
11 64 3.240774471290259e-14
12 64 1.022151621713205e-14
13 64 2.685094478588753e-14
14 64 9.374348825348512e-14
15 64 4.601159717942804e-14
16 64 2.880558951428875e-15
1 65 6.618853735275129e-13
2 65 3.090362428558281e-13
3 65 2.034444153257074e-13
4 65 4.430467757564894e-15
5 65 2.184777283975572e-14
6 65 3.551146521202893e-15
7 65 1.448745824960673e-14
8 65 1.794855239722888e-15
9 65 1.753935635030231e-14
10 65 3.931717495922594e-16
11 65 1.749306755499084e-14
12 65 4.457112898603857e-15
13 65 1.514115746858202e-14
14 65 5.056813791156462e-14
15 65 2.808061366029471e-14
16 65 1.334459052966604e-15
1 66 2.009949681999423e-13
2 66 9.075275827757106e-14
3 66 6.08119697240303e-14
4 66 1.277840811626161e-15
5 66 6.317488052135152e-15
6 66 1.057427143983329e-15
7 66 3.966226226014851e-15
8 66 4.820922926220251e-16
9 66 4.629577477826912e-15
10 66 1.024057060781793e-16
11 66 4.507652456119471e-15
12 66 1.481460002243661e-15
13 66 3.971616031625377e-15
14 66 1.338999300184795e-14
15 66 6.822148900318638e-15
16 66 4.367219575836598e-16
1 67 3.560477485715821e-13
2 67 1.552475536879981e-13
3 67 1.044868091083152e-13
4 67 2.241588819033667e-15
5 67 1.122395209793291e-14
6 67 1.923438053670694e-15
7 67 7.337441991918218e-15
8 67 9.096493189149899e-16
9 67 8.822528420510588e-15
10 67 1.934093606367559e-16
11 67 8.758643029387144e-15
12 67 2.53296354063279e-15
13 67 7.587048309365758e-15
14 67 2.5076566709743e-14
15 67 1.294346571975813e-14
16 67 7.598372278797537e-16
1 68 5.288850036471373e-13
2 68 2.347335753504809e-13
3 68 1.520763879790549e-13
4 68 3.315789598531178e-15
5 68 1.706417827063458e-14
6 68 2.946052674749721e-15
7 68 1.067281079154956e-14
8 68 1.303280051245807e-15
9 68 1.239621535876325e-14
10 68 2.717511262756291e-16
11 68 1.250850265018907e-14
12 68 4.165062378906523e-15
13 68 1.117097104185076e-14
14 68 3.739940550295407e-14
15 68 1.775312636884879e-14
16 68 1.240921696575419e-15
1 69 3.49954568555898e-13
2 69 1.576272738660469e-13
3 69 1.067470984654371e-13
4 69 2.309899315674737e-15
5 69 1.180075422165661e-14
6 69 2.17465162574021e-15
7 69 7.330001699534523e-15
8 69 8.988259273331658e-16
9 69 8.371595121612331e-15
10 69 1.848239116341792e-16
11 69 8.331006740411431e-15
12 69 2.9911316557751e-15
13 69 7.35915637708473e-15
14 69 2.465661890477551e-14
15 69 1.150311914292773e-14
16 69 8.768796394082628e-16
1 70 1.477159632013208e-12
2 70 6.636126282940462e-13
3 70 4.368678274972534e-13
4 70 9.519278500696899e-15
5 70 4.676724205535662e-14
6 70 7.648235254827513e-15
7 70 2.994086898365409e-14
8 70 3.572851926362595e-15
9 70 3.475812347858074e-14
10 70 7.93050961295509e-16
11 70 3.521032639529889e-14
12 70 1.002440623908948e-14
13 70 3.028325535525912e-14
14 70 1.011033618841172e-13
15 70 5.132298105577252e-14
16 70 3.020682970614374e-15
1 71 4.450142844251955e-13
2 71 2.015883290570866e-13
3 71 1.379599777455394e-13
4 71 3.050094168601125e-15
5 71 1.576266730371733e-14
6 71 2.843483557190409e-15
7 71 9.402265455099025e-15
8 71 1.096728532774947e-15
9 71 1.018374038269668e-14
10 71 2.202070938478864e-16
11 71 1.035138816965743e-14
12 71 3.946773203967597e-15
13 71 9.291716746825079e-15
14 71 3.154685002017493e-14
15 71 1.390699887462882e-14
16 71 1.169514761783473e-15
1 72 3.936994661843226e-13
2 72 1.699260759088533e-13
3 72 1.155353189066189e-13
4 72 2.496776502841301e-15
5 72 1.312297507186487e-14
6 72 2.340183012274822e-15
7 72 8.167341230217521e-15
8 72 9.82954169818898e-16
9 72 9.270795295836261e-15
10 72 2.048471579130416e-16
11 72 9.325837938172793e-15
12 72 3.252620553591116e-15
13 72 8.260734660835392e-15
14 72 2.819607501054838e-14
15 72 1.359900108278466e-14
16 72 9.514860937403322e-16
1 73 1.618614125442152e-13
2 73 7.358630373772189e-14
3 73 4.868001561056919e-14
4 73 1.063117207615367e-15
5 73 5.295280074527102e-15
6 73 9.630363717091782e-16
7 73 3.233558011099473e-15
8 73 3.932581453720679e-16
9 73 3.644254832885941e-15
10 73 8.159922571263734e-17
11 73 3.61730945422434e-15
12 73 1.333461829391457e-15
13 73 3.164186551194252e-15
14 73 1.080274890519469e-14
15 73 5.332692689860957e-15
16 73 3.834556659616995e-16
1 74 2.407908411513429e-13
2 74 1.079441717039483e-13
3 74 7.150450473172888e-14
4 74 1.56334759254146e-15
5 74 8.095120944810399e-15
6 74 1.455777659474274e-15
7 74 4.889935203970456e-15
8 74 5.761235025837114e-16
9 74 5.434259659556604e-15
10 74 1.182407206904527e-16
11 74 5.439653976405402e-15
12 74 2.033154933081642e-15
13 74 4.871470737850345e-15
14 74 1.631019579529573e-14
15 74 7.26881828468579e-15
16 74 5.997979981988099e-16
1 75 8.764075476054924e-13
2 75 3.910312707177203e-13
3 75 2.578985072567266e-13
4 75 5.665761933521673e-15
5 75 2.859967115869379e-14
6 75 4.582050602987763e-15
7 75 1.90106578497569e-14
8 75 2.291107115736737e-15
9 75 2.256718747058774e-14
10 75 5.084593134550765e-16
11 75 2.300164263845881e-14
12 75 5.992197163568408e-15
13 75 1.977396248844046e-14
14 75 6.581240386752568e-14
15 75 3.54672298413289e-14
16 75 1.847351119656994e-15
1 76 3.661621137508296e-13
2 76 1.627880724685892e-13
3 76 1.07067872749919e-13
4 76 2.335329179296696e-15
5 76 1.197360468694598e-14
6 76 2.163606732447181e-15
7 76 7.553318227089249e-15
8 76 8.994121961327873e-16
9 76 8.362899649842113e-15
10 76 1.857970827558548e-16
11 76 8.505938202926777e-15
12 76 2.909137050066643e-15
13 76 7.417966133496628e-15
14 76 2.517698004015731e-14
15 76 1.210682859341472e-14
16 76 8.706996855225845e-16
1 77 7.585818097691595e-13
2 77 3.329559416210232e-13
3 77 2.215340310714374e-13
4 77 4.749735095698755e-15
5 77 2.445938660603091e-14
6 77 4.397167890378126e-15
7 77 1.534887266806228e-14
8 77 1.84638103439663e-15
9 77 1.712646529954446e-14
10 77 3.799315169219568e-16
11 77 1.698540897180153e-14
12 77 5.715275512396811e-15
13 77 1.491471163873054e-14
14 77 4.869582120325132e-14
15 77 2.492619276027695e-14
16 77 1.671792078224908e-15
1 78 3.171384331262679e-13
2 78 1.44006896713581e-13
3 78 9.465082827427873e-14
4 78 2.063977303998843e-15
5 78 1.043058657184731e-14
6 78 1.826526618018055e-15
7 78 6.551393786056092e-15
8 78 7.942902717341807e-16
9 78 7.35597616685099e-15
10 78 1.643386778339052e-16
11 78 7.384542593840306e-15
12 78 2.506520918802342e-15
13 78 6.642826933689869e-15
14 78 2.233789882268319e-14
15 78 1.09756821358433e-14
16 78 7.366845091692648e-16
1 79 2.891767118896422e-13
2 79 1.328732619667641e-13
3 79 8.957581586548602e-14
4 79 1.912341409149957e-15
5 79 9.589009492428037e-15
6 79 1.775074940428994e-15
7 79 6.152581714604069e-15
8 79 7.304604186147666e-16
9 79 6.941056999301492e-15
10 79 1.546186940169281e-16
11 79 6.986318039629308e-15
12 79 2.341584519483303e-15
13 79 6.177706180953437e-15
14 79 2.079562890632411e-14
15 79 9.909735974390674e-15
16 79 6.909043542612187e-16
1 80 2.295068015493429e-12
2 80 1.035494244487979e-12
3 80 6.737158935655465e-13
4 80 1.456495613174687e-14
5 80 7.067996414324742e-14
6 80 1.114996750539371e-14
7 80 4.738651394603369e-14
8 80 5.866468527679459e-15
9 80 5.800189616765981e-14
10 80 1.343618547509693e-15
11 80 5.757256687525312e-14
12 80 1.37679635438283e-14
13 80 4.796486809917805e-14
14 80 1.6015778055511e-13
15 80 9.479415887910704e-14
16 80 4.353198005249968e-15
1 81 3.621806957137258e-13
2 81 1.660154813435008e-13
3 81 1.122272798785486e-13
4 81 2.450355266561914e-15
5 81 1.278131542260938e-14
6 81 2.418452003718968e-15
7 81 7.866854767879993e-15
8 81 9.429482471158979e-16
9 81 8.703966582530853e-15
10 81 1.891943395972831e-16
11 81 8.861742811486024e-15
12 81 3.223182825939568e-15
13 81 7.917327530525952e-15
14 81 2.665878931837569e-14
15 81 1.27334802981682e-14
16 81 9.551777785625212e-16
1 82 1.168132195857628e-13
2 82 5.179115666362118e-14
3 82 3.408865677674184e-14
4 82 7.392795933302414e-16
5 82 3.767561050003705e-15
6 82 7.446832384952604e-16
7 82 2.267028269688865e-15
8 82 2.779712927247271e-16
9 82 2.475727029330797e-15
10 82 5.346875181957699e-17
11 82 2.431107451181384e-15
12 82 1.052068412871609e-15
13 82 2.14239631973408e-15
14 82 7.527698528870798e-15
15 82 3.331680126116903e-15
16 82 3.081873722918193e-16
1 83 1.667483171863339e-13
2 83 7.453991937488991e-14
3 83 4.970725710196077e-14
4 83 1.088177699792541e-15
5 83 5.662230685065245e-15
6 83 9.920607647022498e-16
7 83 3.511100852752264e-15
8 83 4.340980155655451e-16
9 83 4.106260279314887e-15
10 83 9.166623016799548e-17
11 83 4.07697841789613e-15
12 83 1.273239559710719e-15
13 83 3.583886903595351e-15
14 83 1.211256422947876e-14
15 83 6.354929463809242e-15
16 83 3.894845694513659e-16
1 84 2.208613924567436e-13
2 84 9.693998943175926e-14
3 84 6.308189975042647e-14
4 84 1.385813150417264e-15
5 84 7.158795666165704e-15
6 84 1.290949596963446e-15
7 84 4.471890035678832e-15
8 84 5.536718193204481e-16
9 84 5.185305282253764e-15
10 84 1.15467338421285e-16
11 84 5.075199563972584e-15
12 84 1.744421572496915e-15
13 84 4.429693428519939e-15
14 84 1.517220056235658e-14
15 84 7.609929424843311e-15
16 84 5.056035752819364e-16
1 85 4.552738917086516e-13
2 85 2.051408111955155e-13
3 85 1.399989869356131e-13
4 85 3.012895091228205e-15
5 85 1.561370814841918e-14
6 85 2.926986630964674e-15
7 85 9.614523249569859e-15
8 85 1.159625505277239e-15
9 85 1.05699705457582e-14
10 85 2.285508875291739e-16
11 85 1.046340209316512e-14
12 85 3.967726261106964e-15
13 85 9.129378445999277e-15
14 85 3.031834428999237e-14
15 85 1.44132899555548e-14
16 85 1.119535224531875e-15
1 86 4.994067355929824e-13
2 86 2.222004862500112e-13
3 86 1.499258720581767e-13
4 86 3.2115062029149e-15
5 86 1.617517576817841e-14
6 86 2.881523677394517e-15
7 86 9.895111483233699e-15
8 86 1.185777278309566e-15
9 86 1.093994931642939e-14
10 86 2.399012186691135e-16
11 86 1.062959108940938e-14
12 86 3.816339906102678e-15
13 86 9.238240583039614e-15
14 86 3.164432464314587e-14
15 86 1.490126932999375e-14
16 86 1.131966673310502e-15
1 87 3.221363232893387e-13
2 87 1.415111038923865e-13
3 87 9.716894091109804e-14
4 87 2.10051259138937e-15
5 87 1.084057302620488e-14
6 87 1.974319327311079e-15
7 87 6.567636140251655e-15
8 87 7.897732083388573e-16
9 87 7.255106519648026e-15
10 87 1.589135087944512e-16
11 87 7.183306806579296e-15
12 87 2.735105135714109e-15
13 87 6.412320634271847e-15
14 87 2.156298085126661e-14
15 87 9.900676557949197e-15
16 87 7.948114078098143e-16
1 88 2.391340027030669e-13
2 88 1.044676123965266e-13
3 88 7.065982649347649e-14
4 88 1.511718948923306e-15
5 88 7.491250551315448e-15
6 88 1.297067818647097e-15
7 88 4.746792205200943e-15
8 88 5.930715267079117e-16
9 88 5.438001254621383e-15
10 88 1.21659870807399e-16
11 88 5.319423868483056e-15
12 88 1.735135374626268e-15
13 88 4.669540882074114e-15
14 88 1.562984513407657e-14
15 88 8.095570419227804e-15
16 88 5.1271903222223e-16
1 89 2.29690175024977e-13
2 89 1.038756445069521e-13
3 89 6.95044129940869e-14
4 89 1.530282876503883e-15
5 89 7.866129188252761e-15
6 89 1.443434830250198e-15
7 89 4.892003104337363e-15
8 89 5.823504687817415e-16
9 89 5.408902552549749e-15
10 89 1.196484928044436e-16
11 89 5.43489906072861e-15
12 89 1.906942207912914e-15
13 89 4.941543891935702e-15
14 89 1.621342654203374e-14
15 89 7.572633987041802e-15
16 89 5.62502172361217e-16
1 90 3.530474439362814e-12
2 90 1.531085372761029e-12
3 90 9.943676112576349e-13
4 90 2.104447048973869e-14
5 90 1.053426796242841e-13
6 90 1.647689491977156e-14
7 90 6.87672827008465e-14
8 90 8.426606559244276e-15
9 90 8.074763921850515e-14
10 90 1.842568895905174e-15
11 90 8.013948140925394e-14
12 90 2.100394293513873e-14
13 90 6.708103524880997e-14
14 90 2.209294011887299e-13
15 90 1.218522251962586e-13
16 90 6.269661256138721e-15
1 91 4.026585103529555e-13
2 91 1.783304160598115e-13
3 91 1.167803019896188e-13
4 91 2.50462158258927e-15
5 91 1.32037925128726e-14
6 91 2.437358999781414e-15
7 91 8.237235141077297e-15
8 91 9.79143712070658e-16
9 91 8.917364486747753e-15
10 91 1.930151223474515e-16
11 91 8.916232613415914e-15
12 91 3.428976170992128e-15
13 91 7.775405142100503e-15
14 91 2.618171867224721e-14
15 91 1.225531428639015e-14
16 91 1.013026547964091e-15
1 92 2.568804199169951e-13
2 92 1.131154968017058e-13
3 92 7.703361000735682e-14
4 92 1.671469401328469e-15
5 92 8.455281189302713e-15
6 92 1.456138280597691e-15
7 92 5.238426809795328e-15
8 92 6.480266606171157e-16
9 92 6.022108109850081e-15
10 92 1.325173717393597e-16
11 92 5.98237002593145e-15
12 92 2.011302253523561e-15
13 92 5.143774014550657e-15
14 92 1.749894216157574e-14
15 92 8.836026981513317e-15
16 92 5.920023808292539e-16
1 93 6.264095221566072e-13
2 93 2.801940291479556e-13
3 93 1.873858982619122e-13
4 93 3.979168292500116e-15
5 93 2.023764446442623e-14
6 93 3.416677798847444e-15
7 93 1.265702632417101e-14
8 93 1.520645179799092e-15
9 93 1.426909577883988e-14
10 93 3.161962308820877e-16
11 93 1.407681518808668e-14
12 93 4.702674850176919e-15
13 93 1.24330152417245e-14
14 93 4.054141464031647e-14
15 93 2.044187667407173e-14
16 93 1.403516084885028e-15
1 94 2.951840851957539e-13
2 94 1.324484899309055e-13
3 94 8.818708461266338e-14
4 94 1.936217753931064e-15
5 94 1.021196624852214e-14
6 94 1.891755305450383e-15
7 94 6.283761405570174e-15
8 94 7.599681961380613e-16
9 94 6.963874300766632e-15
10 94 1.548033583697613e-16
11 94 7.114572607215466e-15
12 94 2.555500723232786e-15
13 94 6.446728011307831e-15
14 94 2.142568851632994e-14
15 94 9.848172690918726e-15
16 94 7.502517524860463e-16
1 95 1.161084579923795e-12
2 95 5.100165484434611e-13
3 95 3.401422460574677e-13
4 95 7.215565607378505e-15
5 95 3.622375559291173e-14
6 95 6.372799390026953e-15
7 95 2.239248018843546e-14
8 95 2.699060151035868e-15
9 95 2.513274280348405e-14
10 95 5.428993317735082e-16
11 95 2.469800511727132e-14
12 95 8.718983722672187e-15
13 95 2.109843158183984e-14
14 95 7.093491628625163e-14
15 95 3.292773012051187e-14
16 95 2.453395718739534e-15
1 96 4.622467590068313e-13
2 96 2.022381683179712e-13
3 96 1.37239891295097e-13
4 96 2.843558779308575e-15
5 96 1.479239842713807e-14
6 96 2.610715801612221e-15
7 96 9.369257415305747e-15
8 96 1.102215681871386e-15
9 96 1.045254241034191e-14
10 96 2.315544129332967e-16
11 96 1.051995002243904e-14
12 96 3.539784265337967e-15
13 96 9.084482098775962e-15
14 96 3.035744279198505e-14
15 96 1.432132396036314e-14
16 96 1.048957535480067e-15
1 97 4.788049231372991e-13
2 97 2.180188534716112e-13
3 97 1.428313163614333e-13
4 97 3.048559911727035e-15
5 97 1.577241376947716e-14
6 97 2.861373840506602e-15
7 97 9.820285162233766e-15
8 97 1.194377904756932e-15
9 97 1.101250802336044e-14
10 97 2.411913697188163e-16
11 97 1.122073656482636e-14
12 97 3.841511512480556e-15
13 97 9.917718690210915e-15
14 97 3.32447728740128e-14
15 97 1.59504458663257e-14
16 97 1.106411022652287e-15
1 98 3.918071989591041e-13
2 98 1.725349634161934e-13
3 98 1.122779429795827e-13
4 98 2.47389057565226e-15
5 98 1.24593057519063e-14
6 98 2.176123182420107e-15
7 98 7.882574823340295e-15
8 98 9.512984248704454e-16
9 98 8.954461398060848e-15
10 98 1.978048885669379e-16
11 98 8.882887067688071e-15
12 98 3.072835007565838e-15
13 98 7.800485382674694e-15
14 98 2.672082283283252e-14
15 98 1.250316257533218e-14
16 98 8.787823010215178e-16
1 99 7.989056031600614e-13
2 99 3.623506589505022e-13
3 99 2.407022157146401e-13
4 99 5.16845174182066e-15
5 99 2.603144827821251e-14
6 99 4.360289738440207e-15
7 99 1.693144067297581e-14
8 99 2.074446881026223e-15
9 99 1.960553972599997e-14
10 99 4.426470732835371e-16
11 99 1.939032516236825e-14
12 99 5.587449374459374e-15
13 99 1.684814570446158e-14
14 99 5.711131490494935e-14
15 99 2.880779966213409e-14
16 99 1.703906535405614e-15
1 100 3.581144974104063e-11
2 100 1.579892615519623e-11
3 100 1.07467363882209e-11
4 100 2.252392726216465e-13
5 100 1.055779906079656e-12
6 100 1.487452476046026e-13
7 100 7.530957564437262e-13
8 100 9.470012151802691e-14
9 100 9.377997944569179e-13
10 100 2.206717218856889e-14
11 100 9.367163875809557e-13
12 100 1.681224290658211e-13
13 100 7.758119699601375e-13
14 100 2.590655643866422e-12
15 100 1.566407077875531e-12
16 100 5.523162711047035e-14

# sampled_sequences
sequence_idx step_idx value
0 0 2028
0 1 8668
0 2 690
0 3 19780
0 4 856
0 5 9071
0 6 11
0 7 902
0 8 690
0 9 4358
0 10 279
0 11 220
0 12 605
0 13 3290
0 14 1392
0 15 323
1 0 14196
1 1 4077
1 2 6069
1 3 220
1 4 868
1 5 220
1 6 1544
1 7 220
1 8 3264
1 9 220
1 10 5332
1 11 220
1 12 777
1 13 220
1 14 2148
1 15 220
2 0 14196
2 1 4077
2 2 3487
2 3 220
2 4 220
2 5 914
2 6 220
2 7 2031
2 8 220
2 9 220
2 10 1272
2 11 220
2 12 220
2 13 5925
2 14 220
2 15 1544
3 0 16
3 1 220
3 2 1419
3 3 220
3 4 6086
3 5 220
3 6 23
3 7 220
3 8 1774
3 9 220
3 10 5925
3 11 220
3 12 19
3 13 220
3 14 2166
3 15 220
4 0 22
4 1 220
4 2 6365
4 3 220
4 4 6086
4 5 220
4 6 806
4 7 220
4 8 4370
4 9 220
4 10 4643
4 11 220
4 12 1758
4 13 220
4 14 3971
4 15 220
5 0 16
5 1 220
5 2 4331
5 3 220
5 4 975
5 5 220
5 6 6083
5 7 220
5 8 22
5 9 220
5 10 1627
5 11 220
5 12 2491
5 13 220
5 14 3080
5 15 220
6 0 16
6 1 220
6 2 4331
6 3 220
6 4 5932
6 5 220
6 6 1032
6 7 220
6 8 2096
6 9 220
6 10 1682
6 11 220
6 12 2790
6 13 220
6 14 3264
6 15 220
7 0 16
7 1 220
7 2 19
7 3 220
7 4 1032
7 5 220
7 6 5932
7 7 220
7 8 3534
7 9 220
7 10 18
7 11 220
7 12 1591
7 13 220
7 14 1399
7 15 220
8 0 14196
8 1 4077
8 2 2137
8 3 220
8 4 3080
8 5 220
8 6 3971
8 7 220
8 8 1419
8 9 220
8 10 4578
8 11 220
8 12 5728
8 13 220
8 14 806
8 15 220
9 0 16
9 1 220
9 2 975
9 3 220
9 4 5958
9 5 220
9 6 5925
9 7 220
9 8 2790
9 9 220
9 10 914
9 11 220
9 12 843
9 13 220
9 14 5538
9 15 220
10 0 14196
10 1 4077
10 2 16
10 3 198
10 4 1032
10 5 198
10 6 3534
10 7 198
10 8 3080
10 9 198
10 10 6028
10 11 198
10 12 3080
10 13 220
10 14 4103
10 15 198
11 0 2421
11 1 220
11 2 2618
11 3 220
11 4 777
11 5 220
11 6 3076
11 7 220
11 8 5958
11 9 220
11 10 2166
11 11 220
11 12 1313
11 13 220
11 14 5925
11 15 220
12 0 14196
12 1 4077
12 2 21
12 3 220
12 4 4044
12 5 220
12 6 1032
12 7 220
12 8 2397
12 9 220
12 10 914
12 11 220
12 12 2148
12 13 220
12 14 2983
12 15 220
13 0 16
13 1 220
13 2 6086
13 3 220
13 4 777
13 5 220
13 6 2148
13 7 220
13 8 2287
13 9 220
13 10 1544
13 11 220
13 12 2096
13 13 220
13 14 4578
13 15 220
14 0 16
14 1 220
14 2 1644
14 3 220
14 4 975
14 5 220
14 6 3080
14 7 220
14 8 18
14 9 220
14 10 3264
14 11 220
14 12 717
14 13 220
14 14 4578
14 15 220
15 0 16
15 1 220
15 2 22
15 3 220
15 4 1419
15 5 220
15 6 24391
15 7 220
15 8 2096
15 9 220
15 10 21
15 11 220
15 12 1591
15 13 220
15 14 1644
15 15 220
16 0 16
16 1 220
16 2 19
16 3 220
16 4 18
16 5 220
16 6 3534
16 7 220
16 8 4578
16 9 220
16 10 914
16 11 220
16 12 87736
16 13 220
16 14 806
16 15 220
17 0 16
17 1 220
17 2 975
17 3 220
17 4 5332
17 5 220
17 6 2790
17 7 220
17 8 3534
17 9 220
17 10 3391
17 11 220
17 12 914
17 13 220
17 14 5925
17 15 220
18 0 16
18 1 220
18 2 5538
18 3 220
18 4 806
18 5 220
18 6 2287
18 7 220
18 8 2983
18 9 220
18 10 777
18 11 220
18 12 2983
18 13 220
18 14 22
18 15 220
19 0 16
19 1 220
19 2 1490
19 3 220
19 4 18
19 5 220
19 6 843
19 7 220
19 8 4643
19 9 220
19 10 3264
19 11 220
19 12 1114
19 13 220
19 14 3080
19 15 220
20 0 16
20 1 220
20 2 2983
20 3 220
20 4 2148
20 5 220
20 6 5547
20 7 220
20 8 1987
20 9 220
20 10 4218
20 11 220
20 12 2131
20 13 220
20 14 1484
20 15 220
21 0 16
21 1 220
21 2 21
21 3 220
21 4 1313
21 5 220
21 6 6028
21 7 220
21 8 972
21 9 220
21 10 4161
21 11 220
21 12 2946
21 13 220
21 14 4370
21 15 220
22 0 16
22 1 220
22 2 975
22 3 220
22 4 22
22 5 220
22 6 5313
22 7 220
22 8 2421
22 9 220
22 10 2096
22 11 220
22 12 1135
22 13 220
22 14 806
22 15 220
23 0 14196
23 1 4077
23 2 1135
23 3 220
23 4 975
23 5 220
23 6 3080
23 7 220
23 8 2983
23 9 220
23 10 5925
23 11 220
23 12 777
23 13 220
23 14 1591
23 15 220
24 0 16
24 1 220
24 2 1544
24 3 220
24 4 6069
24 5 220
24 6 5925
24 7 220
24 8 2397
24 9 220
24 10 2970
24 11 220
24 12 717
24 13 220
24 14 1774
24 15 220
25 0 3391
25 1 220
25 2 1032
25 3 220
25 4 5925
25 5 220
25 6 1227
25 7 220
25 8 1187
25 9 220
25 10 4578
25 11 220
25 12 23
25 13 220
25 14 1927
25 15 220
26 0 24
26 1 220
26 2 975
26 3 220
26 4 2970
26 5 220
26 6 2287
26 7 220
26 8 914
26 9 220
26 10 5925
26 11 220
26 12 1484
26 13 220
26 14 18
26 15 220
27 0 14196
27 1 4077
27 2 845
27 3 220
27 4 5958
27 5 220
27 6 3174
27 7 220
27 8 2137
27 9 220
27 10 21
27 11 220
27 12 3080
27 13 220
27 14 3534
27 15 220
28 0 16
28 1 220
28 2 975
28 3 220
28 4 843
28 5 220
28 6 20
28 7 220
28 8 1691
28 9 220
28 10 3080
28 11 220
28 12 19
28 13 220
28 14 15
28 15 220
29 0 14196
29 1 4077
29 2 1032
29 3 220
29 4 5932
29 5 220
29 6 2137
29 7 220
29 8 1644
29 9 220
29 10 4767
29 11 220
29 12 2983
29 13 220
29 14 6069
29 15 220
30 0 14196
30 1 4077
30 2 5538
30 3 220
30 4 1032
30 5 220
30 6 2790
30 7 220
30 8 914
30 9 220
30 10 5925
30 11 220
30 12 2148
30 13 220
30 14 868
30 15 220
31 0 17
31 1 220
31 2 5332
31 3 220
31 4 5958
31 5 220
31 6 1419
31 7 220
31 8 2618
31 9 220
31 10 3971
31 11 220
31 12 5313
31 13 220
31 14 975
31 15 220
