step value prob
1 1 3.187635768283865e-10
2 1 1.041567539134534e-08
3 1 3.564872877800659e-09
4 1 9.246885176365038e-09
1 2 5.729140614929661e-11
2 2 1.817401366846916e-09
3 2 5.946324768271154e-10
4 2 1.570609594715046e-09
1 3 4.260346445302812e-11
2 3 1.431401438010695e-09
3 3 4.79536206308663e-10
4 3 1.284997067055803e-09
1 4 3.044639381978738e-11
2 4 1.002531527130185e-09
3 4 3.380583102117805e-10
4 4 9.02203502461931e-10
1 5 4.605048217074402e-11
2 5 1.533504688587812e-09
3 5 5.188969428608237e-10
4 5 1.367894039069859e-09
1 6 2.097414960391204e-11
2 6 6.920750631832719e-10
3 6 2.294534143774702e-10
4 6 6.234515892231667e-10
1 7 1.754308542425419e-11
2 7 5.757768906419353e-10
3 7 1.926404838497624e-10
4 7 5.149576327267158e-10
1 8 1.125699379915606e-11
2 8 3.672496352628847e-10
3 8 1.195778913273147e-10
4 8 3.211978082260143e-10
1 9 1.184907257773328e-11
2 9 3.784525544534405e-10
3 9 1.225360807027599e-10
4 9 3.396841219321217e-10
1 10 8.416465962566514e-11
2 10 2.69884349582447e-09
3 10 8.903516137470555e-10
4 10 2.491558157878061e-09
1 11 6.595857501856365e-12
2 11 2.045480186433854e-10
3 11 6.775782930907922e-11
4 11 1.894525504995231e-10
1 12 1.411873325842686e-11
2 12 4.398679762607196e-10
3 12 1.415045985978736e-10
4 12 3.898494544820519e-10
1 13 9.561835354908532e-12
2 13 2.969916031607694e-10
3 13 9.639458785347311e-11
4 13 2.71076277720368e-10
1 14 1.003031673643152e-11
2 14 3.049644051011976e-10
3 14 1.001618865462283e-10
4 14 2.825238707574764e-10
1 15 1.71167409811501e-11
2 15 5.082915740596807e-10
3 15 1.65299388503171e-10
4 15 4.753163067734177e-10
1 16 8.057925866420098e-12
2 16 2.396779510386978e-10
3 16 7.648910299491759e-11
4 16 2.180495116925013e-10
1 17 7.2736919054113e-12
2 17 2.193205639477162e-10
3 17 7.215752036651943e-11
4 17 1.991514171961883e-10
1 18 6.134123414698779e-12
2 18 1.851362743076526e-10
3 18 6.236669806858675e-11
4 18 1.697041904842472e-10
1 19 9.041712570121353e-12
2 19 2.754388085684765e-10
3 19 9.081664224060968e-11
4 19 2.563642104514266e-10
1 20 2.486232802251638e-11
2 20 7.689419285780831e-10
3 20 2.51845193902761e-10
4 20 6.915036368611629e-10
1 21 5.662996064868966e-12
2 21 1.654435502997418e-10
3 21 5.324738828515079e-11
4 21 1.527880618767941e-10
1 22 3.437323593826964e-12
2 22 1.017180621667856e-10
3 22 3.373872021739962e-11
4 22 9.477613886203857e-11
1 23 5.975454817771117e-12
2 23 1.793977557475475e-10
3 23 5.99782182425071e-11
4 23 1.672675345322699e-10
1 24 1.842044707076633e-11
2 24 5.57627746978503e-10
3 24 1.812306675952166e-10
4 24 5.06748240877174e-10
1 25 9.074348451783959e-12
2 25 2.765757612638424e-10
3 25 9.10597220944343e-11
4 25 2.504697231617576e-10
1 26 2.963107288579198e-12
2 26 8.629472691453184e-11
3 26 2.873323029833918e-11
4 26 8.061439020830427e-11
1 27 4.672027669556109e-12
2 27 1.353338794541914e-10
3 27 4.467453665426035e-11
4 27 1.281233476996055e-10
1 28 2.21899815926131e-12
2 28 6.780589663237284e-11
3 28 2.272237113944186e-11
4 28 6.301618209081665e-11
1 29 3.774837414730614e-12
2 29 1.128165372254361e-10
3 29 3.642028419095009e-11
4 29 1.01712341873953e-10
1 30 1.118339662929262e-11
2 30 3.476961659037581e-10
3 30 1.113924914467345e-10
4 30 3.053240760158392e-10
1 31 3.783783112223531e-12
2 31 1.125081541087106e-10
3 31 3.571042006001078e-11
4 31 1.058894010493478e-10
1 32 1.346432180801302e-12
2 32 4.105728733261494e-11
3 32 1.298891427097901e-11
4 32 3.709154520923296e-11
1 33 7.393899256677783e-13
2 33 2.200208736775951e-11
3 33 6.973692381603488e-12
4 33 2.044145317740616e-11
1 34 1.095082240073227e-12
2 34 3.202248273492135e-11
3 34 1.028655534860394e-11
4 34 3.015984756012626e-11
1 35 2.848766405453803e-12
2 35 8.789897196235852e-11
3 35 2.850208916779964e-11
4 35 8.091928161717174e-11
1 36 1.223420024744824e-12
2 36 3.667292337622962e-11
3 36 1.165251186675516e-11
4 36 3.270035421881364e-11
1 37 7.873497500043658e-13
2 37 2.300231058659664e-11
3 37 7.473513718364693e-12
4 37 2.136743653134681e-11
1 38 1.314452133313638e-12
2 38 3.914716190479966e-11
3 38 1.258657145122693e-11
4 38 3.588499500834505e-11
1 39 6.873270322190727e-13
2 39 2.07287059397769e-11
3 39 6.721979694675963e-12
4 39 1.940548760290515e-11
1 40 5.042732754832768e-12
2 40 1.591466240236251e-10
3 40 5.164515034936602e-11
4 40 1.433322602577897e-10
1 41 7.600184734268297e-13
2 41 2.201091202738011e-11
3 41 7.025364690041327e-12
4 41 2.103967150204447e-11
1 42 9.935829921597503e-13
2 42 3.00476566611391e-11
3 42 9.785431771357526e-12
4 42 2.674185003446995e-11
1 43 7.437562845426883e-13
2 43 2.135400298238359e-11
3 43 6.879890023403364e-12
4 43 1.949019162765984e-11
1 44 6.82584639200141e-13
2 44 1.925561337702889e-11
3 44 6.322360406020565e-12
4 44 1.796979437178564e-11
1 45 1.200887919417115e-12
2 45 3.492759988212988e-11
3 45 1.113056601860531e-11
4 45 3.253195142205208e-11
1 46 5.863185352588799e-13
2 46 1.695129448816699e-11
3 46 5.58495718396682e-12
4 46 1.665101900299459e-11
1 47 6.638944434629453e-13
2 47 1.929137435056741e-11
3 47 6.220690400160228e-12
4 47 1.805031342589132e-11
1 48 1.345525941118971e-12
2 48 3.840423818253918e-11
3 48 1.240689618610428e-11
4 48 3.631252178406509e-11
1 49 1.141079552568628e-12
2 49 3.440414421291136e-11
3 49 1.081973554548636e-11
4 49 3.153429844323762e-11
1 50 1.028117190967478e-11
2 50 3.1936125647179e-10
3 50 1.02593433177687e-10
4 50 2.840471634733698e-10
1 51 3.243713362301878e-13
2 51 9.098571856075486e-12
3 51 2.909823582523907e-12
4 51 8.714445868581549e-12
1 52 9.649792025350864e-13
2 52 2.791101606607285e-11
3 52 8.790114932251453e-12
4 52 2.482234412026532e-11
1 53 6.377222894135764e-13
2 53 1.803779935377007e-11
3 53 5.96746808852902e-12
4 53 1.694271626752595e-11
1 54 5.583401336666245e-13
2 54 1.56006185591137e-11
3 54 4.940253711400647e-12
4 54 1.444476707491695e-11
1 55 6.773799508844903e-13
2 55 1.915399568638962e-11
3 55 6.307868476846084e-12
4 55 1.863662894522617e-11
1 56 5.239250928734865e-13
2 56 1.453944303073677e-11
3 56 4.635036778487974e-12
4 56 1.382795301602039e-11
1 57 2.235599051314192e-13
2 57 6.265163388415165e-12
3 57 2.017699831452219e-12
4 57 5.698438862576821e-12
1 58 2.132885833448848e-13
2 58 6.04921784402907e-12
3 58 1.957796445215808e-12
4 58 5.73960570693412e-12
1 59 4.37630575378492e-13
2 59 1.276728109166286e-11
3 59 4.008650430684278e-12
4 59 1.173843793496634e-11
1 60 4.155688618966576e-12
2 60 1.227835004050884e-10
3 60 3.97976810262905e-11
4 60 1.103992428989769e-10
1 61 4.079982523268503e-13
2 61 1.145420000964668e-11
3 61 3.709375872501285e-12
4 61 1.079003375501257e-11
1 62 3.371854014605989e-13
2 62 9.47673735603334e-12
3 62 3.026310602567423e-12
4 62 8.699419962190649e-12
1 63 5.592034092801568e-13
2 63 1.580043175372889e-11
3 63 5.062998020989689e-12
4 63 1.491025196863749e-11
1 64 1.74679510983421e-12
2 64 5.050916985771439e-11
3 64 1.602271499154259e-11
4 64 4.678501411504815e-11
1 65 7.515982331573022e-13
2 65 2.151839223626739e-11
3 65 7.030883758240852e-12
4 65 2.09240858049198e-11
1 66 2.236132123208041e-13
2 66 6.507053493620947e-12
3 66 2.053512193886314e-12
4 66 6.088249173942659e-12
1 67 3.81511649059287e-13
2 67 1.123007506314088e-11
3 67 3.661537245084798e-12
4 67 1.034903290382367e-11
1 68 5.683823908529098e-13
2 68 1.615474434872069e-11
3 68 5.169811332630754e-12
4 68 1.552274443411328e-11
1 69 4.016628661521994e-13
2 69 1.11843785589334e-11
3 69 3.58193103424458e-12
4 69 1.090002942180651e-11
1 70 1.636080536341238e-12
2 70 4.676948145698104e-11
3 70 1.497441157160133e-11
4 70 4.235010641606255e-11
1 71 4.966169388763322e-13
2 71 1.357184887853963e-11
3 71 4.293999843929966e-12
4 71 1.304424733634763e-11
1 72 4.369816494198296e-13
2 72 1.272465834966994e-11
3 72 4.063091575772266e-12
4 72 1.218832972301167e-11
1 73 1.852885405307302e-13
2 73 5.1464412179345e-12
3 73 1.655244748500158e-12
4 73 4.814659188447089e-12
1 74 2.776464363855051e-13
2 74 7.658910033365933e-12
3 74 2.409724129791942e-12
4 74 7.360637361461042e-12
1 75 1.042301285712837e-12
2 75 2.918694574123855e-11
3 75 9.413919575391962e-12
4 75 2.700989275200168e-11
1 76 4.120893651697135e-13
2 76 1.188562723614448e-11
3 76 3.842204876545449e-12
4 76 1.100864398720298e-11
1 77 8.251810955153028e-13
2 77 2.476984046590958e-11
3 77 7.910036360007418e-12
4 77 2.349973268253895e-11
1 78 3.644015063232791e-13
2 78 1.039373493077191e-11
3 78 3.338206630987913e-12
4 78 9.874625848289761e-12
1 79 3.290341842347714e-13
2 79 9.271744217259419e-12
3 79 2.936037037379101e-12
4 79 8.853864580602234e-12
1 80 2.673382830084302e-12
2 80 7.953675006375774e-11
3 80 2.539495960617967e-11
4 80 7.034860091657276e-11
1 81 4.266807146604664e-13
2 81 1.204712000852908e-11
3 81 3.750652787855177e-12
4 81 1.13077246979961e-11
1 82 1.276544602864193e-13
2 82 3.495604819484949e-12
3 82 1.115761516535069e-12
4 82 3.315591332487096e-12
1 83 1.984033884958225e-13
2 83 5.62486927243826e-12
3 83 1.823978484780798e-12
4 83 5.334044667034918e-12
1 84 2.573737933871652e-13
2 84 7.038264270179057e-12
3 84 2.282680953680838e-12
4 84 6.627998029605682e-12
1 85 5.295249494674723e-13
2 85 1.479192185661383e-11
3 85 4.713804250617333e-12
4 85 1.414884641048663e-11
1 86 5.655189224016387e-13
2 86 1.639391145927445e-11
3 86 5.163201720958128e-12
4 86 1.593775700787056e-11
1 87 3.6213234260188e-13
2 87 1.027417049690686e-11
3 87 3.301306783083815e-12
4 87 9.800170276129341e-12
1 88 2.695258828282555e-13
2 88 7.794533652692369e-12
3 88 2.543563646378058e-12
4 88 7.463716111188641e-12
1 89 2.754027664923977e-13
2 89 7.796131011363104e-12
3 89 2.411142021102256e-12
4 89 7.221993006587091e-12
1 90 4.021068941110087e-12
2 90 1.160108731338767e-10
3 90 3.576792207350558e-11
4 90 1.06437195144978e-10
1 91 4.607116885414593e-13
2 91 1.323044060908044e-11
3 91 3.980189939237359e-12
4 91 1.223092577963004e-11
1 92 2.870325106032771e-13
2 92 8.380802899163209e-12
3 92 2.711682707967684e-12
4 92 7.90460903875656e-12
1 93 6.900224185956175e-13
2 93 1.922277434000076e-11
3 93 6.253556014073232e-12
4 93 1.837526657590599e-11
1 94 3.495383054506439e-13
2 94 9.518478138546316e-12
3 94 3.118978711029437e-12
4 94 9.585680922611044e-12
1 95 1.295876518763641e-12
2 95 3.64247594032457e-11
3 95 1.157771859230456e-11
4 95 3.510321260606926e-11
1 96 5.321310524681672e-13
2 96 1.544473147366629e-11
3 96 4.810624627798809e-12
4 96 1.408227375746514e-11
1 97 5.39673390298441e-13
2 97 1.547328218016619e-11
3 97 4.960670767174721e-12
4 97 1.493011999305282e-11
1 98 4.414947325304806e-13
2 98 1.261819625813625e-11
3 98 3.959612616753218e-12
4 98 1.190314235806835e-11
1 99 9.221886377071923e-13
2 99 2.733964397825645e-11
3 99 8.685309130008015e-12
4 99 2.598788806844902e-11
1 100 4.160528621421154e-11
2 100 1.251983478610741e-09
3 100 4.01411715848613e-10
4 100 1.126650400557314e-09

# sampled_sequences
sequence_idx step_idx value
0 0 14196
0 1 4077
0 2 717
0 3 220
1 0 16
1 1 220
1 2 975
1 3 220
2 0 14196
2 1 4077
2 2 1114
2 3 220
3 0 5037
3 1 220
3 2 1758
3 3 220
4 0 4513
4 1 220
4 2 5313
4 3 220
5 0 16
5 1 220
5 2 3391
5 3 220
6 0 14196
6 1 4077
6 2 717
6 3 198
7 0 21884
7 1 220
7 2 975
7 3 220
8 0 4513
8 1 220
8 2 975
8 3 220
9 0 25189
9 1 482
9 2 64332
9 3 56
10 0 14196
10 1 4077
10 2 23
10 3 220
11 0 14196
11 1 4077
11 2 3391
11 3 220
12 0 2397
12 1 220
12 2 5958
12 3 220
13 0 14196
13 1 4077
13 2 717
13 3 220
14 0 14196
14 1 4077
14 2 2075
14 3 220
15 0 16
15 1 220
15 2 2721
15 3 220
16 0 14196
16 1 4077
16 2 3080
16 3 220
17 0 16
17 1 220
17 2 975
17 3 220
18 0 14196
18 1 4077
18 2 3080
18 3 220
19 0 1419
19 1 220
19 2 975
19 3 220
20 0 14196
20 1 4077
20 2 4370
20 3 220
21 0 14196
21 1 4077
21 2 16
21 3 220
22 0 19
22 1 220
22 2 17
22 3 220
23 0 14196
23 1 4077
23 2 20
23 3 220
24 0 17
24 1 220
24 2 6365
24 3 220
25 0 2983
25 1 220
25 2 5925
25 3 220
26 0 16
26 1 220
26 2 4331
26 3 220
27 0 16
27 1 220
27 2 4370
27 3 220
28 0 14196
28 1 4077
28 2 5495
28 3 220
29 0 717
29 1 220
29 2 1544
29 3 220
30 0 23
30 1 220
30 2 2983
30 3 220
31 0 5979
31 1 95212
31 2 220
31 3 4044
